10,72
10,28
10,316
10,179
10,218
10,232
10,116
10,2
10,3
11,28
11,7
9,7
9,2
9,3
8,9
8,18
8,14
45,4
45,3
45,2
45,1
45,0
44,4
44,3
44,2
44,1
44,0
43,4
43,3
43,2
43,1
43,0
41,5
41,4
41,3
41,2
41,1
41,0
38,5
38,4
38,3
38,2
38,1
38,0
36,5
36,4
36,3
36,2
36,1
36,0
34,5
34,4
34,3
34,2
34,1
34,0
32,4
32,3
32,1
24,3
24,1
20,3
20,2
20,1
19,3
19,2
19,1
18,3
18,1
14,3
14,1
13,3
13,1
12,3
12,2
12,1
11,30
11,29
11,27
11,26
11,25
11,24
11,23
11,22
11,21
11,20
11,19
11,15
11,14
11,13
11,12
11,11
11,10
11,9
11,8
11,6
11,1
11,4
11,3
11,2
10,307
10,302
10,270
10,188
10,165
